OPTIONS:60,True,True,Feet,15
HOME:0.000000,0.000000,150
